9 0.12441684472934474 0.6667794396961064 0.049857549857549865 0.10565052231718894
9 0.1907451923076923 0.6652955840455841 0.052528490028490006 0.11217948717948723
3 0.2568509615384615 0.6658891263057929 0.06009615384615388 0.11574074074074071
6 0.3198406339031339 0.6676697530864198 0.055199430199430216 0.11099240265906936
5 0.3877270299145299 0.668560066476733 0.05742521367521367 0.11633428300094965
3 0.45561342592592596 0.6691536087369421 0.06054131054131054 0.122269705603039
3 0.5239449786324786 0.6676697530864197 0.05208333333333331 0.1204890788224122
1 0.6069667022792022 0.6688568376068376 0.03917378917378916 0.11930199430199433
2 0.6632790242165242 0.6688568376068376 0.060096153846153834 0.11811490978157645
1 0.7460781695156695 0.6691536087369421 0.032496438746438726 0.10683760683760693
6 0.7974937678062677 0.6679665242165242 0.04896723646723649 0.11870845204178539
5 0.8711672008547009 0.6658891263057929 0.05742521367521363 0.11930199430199433
