9 0.12427206973293772 0.6651397131552917 0.056101632047477736 0.11683976261127592
9 0.19266042284866475 0.6660670128585559 0.054710682492581646 0.11127596439169143
3 0.2566441023738873 0.6685398120672602 0.06027448071216615 0.11251236399604352
6 0.31923683234421374 0.6685398120672602 0.054710682492581646 0.1149851632047478
5 0.3866978857566766 0.6697762116716123 0.056101632047477736 0.11498516320474768
3 0.45786813798219583 0.6663761127596439 0.05841988130563802 0.11683976261127604
5 0.5248655415430268 0.6685398120672602 0.05517433234421363 0.12116716122650845
1 0.605772440652819 0.6676125123639961 0.03338278931750738 0.11560336300692384
2 0.6602512982195846 0.6688489119683482 0.06259272997032639 0.12054896142433229
1 0.7448673961424332 0.6666852126607319 0.031528189910979255 0.11127596439169143
6 0.7995780786350148 0.6663761127596439 0.054710682492581514 0.12673095944609294
5 0.8693573813056379 0.6663761127596439 0.05702893175074184 0.1316765578635015
