9 0.12508457977207976 0.6611407882241216 0.05831552706552706 0.1121794871794871
9 0.19230324074074076 0.6644052706552707 0.05208333333333333 0.1151471984805319
3 0.2544025997150997 0.6670762108262108 0.05430911680911681 0.13117283950617278
6 0.31917289886039885 0.6652955840455841 0.05653490028490032 0.14423076923076922
5 0.3870592948717949 0.6647020417853751 0.05074786324786325 0.13235992402659078
6 0.45294248575498575 0.6667794396961064 0.055199430199430216 0.12820512820512822
9 0.5263933404558404 0.6652955840455841 0.05430911680911681 0.12642450142450143
4 0.5947248931623932 0.6667794396961064 0.05208333333333331 0.1293922127255461
0 0.6614983974358974 0.6649988129154796 0.055644586894586914 0.13057929724596395
9 0.7313879985754985 0.6623278727445394 0.05742521367521363 0.13592117758784425
0 0.7990518162393162 0.6638117283950619 0.05831552706552712 0.13414055080721746
4 0.873170405982906 0.6649988129154795 0.06232193732193725 0.11752136752136752
