9 0.12441684472934474 0.6661858974358974 0.05519943019943019 0.10802469135802469
9 0.19007745726495728 0.6670762108262108 0.051193019943019946 0.11930199430199433
3 0.25640580484330483 0.6682632953466286 0.05742521367521367 0.11574074074074071
6 0.32117610398860397 0.6679665242165242 0.06054131054131058 0.11514719848053177
5 0.3881721866096866 0.6706374643874644 0.053863960113960066 0.11930199430199433
6 0.4536102207977208 0.6724180911680911 0.05920584045584043 0.11930199430199433
9 0.5266159188034187 0.6694503798670465 0.06098646723646724 0.11099240265906923
4 0.5942797364672364 0.6688568376068376 0.055644586894586914 0.11099240265906923
0 0.6619435541310541 0.6697471509971509 0.05831552706552712 0.11633428300094965
9 0.7316105769230768 0.6647020417853751 0.056980056980056926 0.11099240265906936
0 0.800832443019943 0.6667794396961064 0.05920584045584043 0.1139601139601139
4 0.8736155626780626 0.6679665242165242 0.06321225071225066 0.10802469135802469
