9 0.12543468045112785 0.6678728070175438 0.0587406015037594 0.11591478696741847
9 0.19214827405857743 0.6695519525801952 0.05557008368200833 0.11767782426778245
3 0.2562173117154812 0.6730387029288702 0.05295502092050208 0.12465132496513255
6 0.3189788179916318 0.6699877963737796 0.056877615062761504 0.12029288702928878
5 0.3882779811715482 0.6699877963737796 0.05164748953974905 0.12552301255230122
6 0.4543083158995817 0.670423640167364 0.056877615062761504 0.11767782426778245
9 0.5252418933054394 0.668244421199442 0.06276150627615058 0.11157601115760112
4 0.5945410564853557 0.6708594839609483 0.05883891213389117 0.10983263598326355
0 0.6631864539748955 0.6682444211994419 0.06406903765690375 0.11854951185495122
9 0.7318318514644352 0.6651935146443514 0.0614539748953975 0.1089609483960949
0 0.7985159518828452 0.6665010460251045 0.06276150627615058 0.1185495118549511
4 0.8704301778242677 0.6686802649930265 0.0614539748953975 0.12639470013947
