9 0.12382975941422598 0.6647576708507671 0.05360878661087867 0.10808926080892611
9 0.19345580543933058 0.6647576708507671 0.056877615062761455 0.104602510460251
3 0.2571979602510461 0.6695519525801952 0.060146443514644335 0.11593444909344489
6 0.32061323221757326 0.6712953277545326 0.05622384937238496 0.12116457461645744
5 0.38827798117154816 0.6721670153417015 0.05295502092050208 0.12116457461645744
6 0.4536545502092051 0.6708594839609483 0.05557008368200833 0.12029288702928866
9 0.5275300732217574 0.6686802649930265 0.05949267782426775 0.1089609483960949
4 0.5942141736401675 0.6699877963737796 0.056877615062761504 0.11680613668061367
0 0.6605713912133893 0.6695519525801952 0.06276150627615067 0.12116457461645756
9 0.7308512029288704 0.6617067642956764 0.06080020920502092 0.11070432357043233
0 0.7988428347280335 0.6656293584379358 0.05949267782426775 0.12029288702928866
4 0.8714108263598327 0.6695519525801952 0.058185146443514496 0.11942119944212
