9 0.12319985741444868 0.6680687579214196 0.05822243346007605 0.10931558935361221
9 0.19271031368821295 0.666088403041825 0.05465779467680607 0.10693916349809882
3 0.25538194444444445 0.6691052971576227 0.06177325581395352 0.11089577950043067
6 0.31897206072351425 0.6699127906976744 0.05490956072351421 0.1189707149009474
5 0.3894258720930233 0.6726044358311801 0.05208333333333331 0.12758397932816537
6 0.4538234819121447 0.6704511197243757 0.0565245478036176 0.12650732127476313
9 0.5256904069767442 0.6672211455641688 0.053294573643410906 0.12112403100775188
4 0.5961442183462532 0.6707202842377261 0.0520833333333334 0.11843238587424641
0 0.6615511950904394 0.670181955211025 0.05773578811369502 0.13242894056847543
9 0.7313993863049095 0.6642603359173127 0.056120801033591766 0.11843238587424629
0 0.7978157299741602 0.6664136520241172 0.059754521963824206 0.12381567614125745
4 0.8745276162790699 0.6631836778639105 0.05894702842377253 0.11843238587424629
