9 0.12415664225941425 0.6673727336122733 0.05949267782426777 0.11506276150627623
9 0.1908407426778243 0.6673727336122733 0.05557008368200833 0.11331938633193867
3 0.2562173117154812 0.6686802649930265 0.056877615062761504 0.11593444909344489
6 0.32061323221757326 0.6717311715481171 0.053608786610878624 0.1290097629009762
5 0.3879510983263599 0.6678085774058578 0.05360878661087867 0.11942119944211989
6 0.4549620815899582 0.668244421199442 0.054262552301255255 0.12029288702928866
9 0.5262225418410041 0.6651935146443513 0.054262552301255255 0.11244769874476988
4 0.5935604079497908 0.6673727336122733 0.05295502092050208 0.10983263598326355
0 0.6608982740585776 0.6678085774058578 0.06080020920502092 0.122907949790795
9 0.7318318514644352 0.6660652022315202 0.05360878661087867 0.11419107391910745
0 0.8011310146443515 0.6660652022315202 0.05491631799163175 0.12116457461645744
4 0.8723914748953974 0.6673727336122733 0.05883891213389117 0.11680613668061367
