9 0.12520082288401252 0.6660201149425288 0.056818181818181816 0.10449320794148384
9 0.19328467868338556 0.6663466562173459 0.05583855799373039 0.10122779519331242
3 0.25745003918495296 0.6683059038662487 0.05877742946708464 0.11951410658307206
6 0.31916634012539186 0.6666731974921629 0.05485893416927903 0.12408568443051197
5 0.3879849137931035 0.6696120689655172 0.059267241379310366 0.128657262277952
6 0.4550891457680251 0.6689589864158829 0.05436912225705326 0.13126959247648906
9 0.5246424373040752 0.6650404911180774 0.058287617554858964 0.11951410658307217
4 0.5924813871473354 0.6673262800417973 0.05485893416927903 0.10449320794148373
0 0.6610550548589341 0.6696120689655172 0.059757053291536 0.11167711598746083
9 0.7333023119122257 0.6660201149425288 0.05632836990595607 0.1201671891327063
0 0.7991820141065832 0.6699386102403344 0.05583855799373057 0.12539184952978055
