9 0.1257523148148148 0.6658891263057929 0.05519943019943019 0.11099240265906936
9 0.19297097578347577 0.6673729819563153 0.05608974358974359 0.10921177587844255
3 0.25640580484330483 0.6697471509971509 0.05920584045584048 0.11514719848053177
6 0.32095352564102564 0.6700439221272555 0.058315527065527076 0.11574074074074071
5 0.3881721866096866 0.6682632953466286 0.05653490028490027 0.11811490978157645
6 0.4540553774928775 0.6658891263057929 0.05742521367521363 0.12642450142450143
9 0.5252804487179488 0.6652955840455841 0.05475427350427351 0.12405033238366568
4 0.5940571581196581 0.6670762108262108 0.05430911680911681 0.10980531813865148
0 0.6628338675213675 0.6673729819563152 0.06187678062678064 0.11989553656220325
9 0.730942841880342 0.6647020417853751 0.055644586894586914 0.10980531813865148
0 0.7990518162393162 0.6664826685660018 0.060096153846153924 0.11455365622032285
4 0.8704994658119658 0.6664826685660018 0.05876068376068382 0.11455365622032285
