9 0.12374910968660968 0.6658891263057929 0.05742521367521367 0.11217948717948723
9 0.19185808404558405 0.6661858974358974 0.05742521367521365 0.11039886039886042
3 0.25551549145299146 0.6667794396961064 0.05920584045584043 0.11158594491927828
6 0.3198406339031339 0.6673729819563152 0.055199430199430216 0.1139601139601139
5 0.38683671652421653 0.6691536087369421 0.05653490028490027 0.11514719848053177
6 0.4533876424501424 0.6691536087369421 0.056980056980056926 0.11514719848053177
9 0.5263933404558404 0.6658891263057929 0.056980056980057016 0.10386989553656213
4 0.5938345797720798 0.6682632953466286 0.05208333333333331 0.11455365622032285
0 0.6614983974358974 0.6688568376068376 0.05386396011396011 0.11574074074074071
9 0.732278311965812 0.6661858974358974 0.055644586894586824 0.11039886039886042
0 0.7988292378917379 0.6661858974358973 0.06054131054131062 0.11514719848053177
4 0.8722800925925924 0.6661858974358974 0.05608974358974361 0.11158594491927828
