9 0.12186846234309628 0.6656293584379358 0.05883891213389121 0.10983263598326355
9 0.1908407426778243 0.6665010460251045 0.054262552301255186 0.10983263598326355
3 0.2571979602510461 0.6682444211994419 0.0614539748953975 0.11854951185495122
6 0.3199594665271967 0.6695519525801952 0.0549163179916318 0.11942119944212
5 0.38697044979079503 0.6678085774058576 0.06210774058577413 0.11593444909344489
6 0.45626961297071134 0.6678085774058576 0.05557008368200833 0.11767782426778245
9 0.527203190376569 0.6634501394700139 0.05753138075313809 0.11419107391910732
4 0.5935604079497908 0.6669368898186889 0.05949267782426784 0.10721757322175722
0 0.6625326882845188 0.6656293584379358 0.05753138075313809 0.11331938633193867
9 0.7318318514644352 0.663450139470014 0.05753138075313809 0.11070432357043233
0 0.7998234832635984 0.6660652022315202 0.060146443514644335 0.11593444909344489
4 0.8720645920502093 0.6695519525801952 0.05949267782426766 0.11593444909344489
