9 0.12617367511520736 0.6673675115207374 0.05544354838709678 0.10656682027649775
9 0.19277793778801844 0.6649673579109063 0.05472350230414749 0.1094470046082949
3 0.2565020161290323 0.6683275729646697 0.05976382488479266 0.11424731182795705
6 0.3220262096774194 0.6678475422427036 0.058323732718893996 0.11904761904761897
5 0.38863047235023046 0.6716877880184332 0.05616359447004609 0.11712749615975421
6 0.45451468894009217 0.6688076036866359 0.06120391705069128 0.11712749615975421
9 0.5261592741935485 0.6644873271889401 0.06048387096774199 0.11616743471582182
4 0.5931235599078342 0.6668874807987711 0.05616359447004609 0.10752688172043012
0 0.6618879608294931 0.6678475422427036 0.05976382488479262 0.11712749615975421
9 0.7335325460829494 0.6644873271889401 0.061923963133640486 0.1180875576036866
0 0.7997767857142858 0.6640072964669739 0.05904377880184324 0.12096774193548386
4 0.8732214861751152 0.6654473886328726 0.06192396313364057 0.12000768049155149
