9 0.12725374423963132 0.6649673579109063 0.05760368663594471 0.10752688172043012
9 0.19169786866359448 0.666407450076805 0.05688364055299542 0.10848694316436251
3 0.2572220622119816 0.6692876344086022 0.0554435483870968 0.11808755760368671
6 0.31950604838709684 0.6692876344086022 0.05616359447004609 0.11808755760368671
5 0.38935051843317975 0.6697676651305684 0.057603686635944666 0.1190476190476191
6 0.45523473502304146 0.6697676651305684 0.05976382488479262 0.1190476190476191
9 0.5268793202764978 0.6702476958525345 0.06048387096774191 0.11808755760368671
4 0.5945636520737327 0.666407450076805 0.057603686635944666 0.10464669738863286
0 0.6626080069124425 0.6683275729646697 0.06120391705069128 0.12384792626728114
9 0.7324524769585254 0.666887480798771 0.06264400921658986 0.1190476190476191
0 0.8008568548387096 0.6654473886328726 0.05976382488479244 0.12192780337941625
4 0.8743015552995392 0.6640072964669739 0.06264400921658986 0.11712749615975421
