9 0.12667025862068967 0.6635057471264367 0.05711206896551725 0.10991379310344827
9 0.19321120689655175 0.6660201149425288 0.057650862068965504 0.1120689655172414
3 0.25732758620689655 0.6670977011494252 0.05872844827586206 0.11135057471264365
6 0.3230603448275862 0.667816091954023 0.0587284482758621 0.1142241379310344
9 0.3933728448275862 0.6667385057471265 0.05387931034482758 0.11350574712643677
5 0.45614224137931036 0.667456896551724 0.053340517241379275 0.11925287356321838
5 0.5232219827586208 0.6681752873563219 0.057112068965517265 0.11637931034482764
2 0.5940732758620689 0.6696120689655172 0.06411637931034485 0.11637931034482764
9 0.664385775862069 0.6660201149425288 0.059267241379310415 0.1120689655172414
4 0.7309267241379311 0.667456896551724 0.05765086206896548 0.10775862068965515
8 0.8004310344827588 0.6692528735632184 0.06088362068965525 0.12284482758620688
0 0.871551724137931 0.667816091954023 0.06196120689655178 0.12571839080459762
