9 0.12201164448669202 0.6637119771863118 0.060598859315589365 0.11802915082382767
9 0.19122504752851713 0.6649001901140684 0.055251901140684415 0.11089987325728762
3 0.2559826520912548 0.6676726869455007 0.06000475285171106 0.11644486692015205
6 0.3201461501901141 0.6680687579214196 0.057628326996197736 0.11406844106463876
9 0.3911418726235742 0.666880544993663 0.059410646387832694 0.10852344740177446
5 0.4558994771863118 0.6696530418250951 0.05584600760456278 0.11406844106463876
5 0.525112880228137 0.670049112801014 0.05406368821292773 0.11802915082382756
2 0.5922469106463879 0.670049112801014 0.06356939163498092 0.12278200253485423
9 0.6629455798479088 0.6684648288973385 0.057628326996197736 0.11802915082382756
4 0.730673716730038 0.6680687579214196 0.0564401140684411 0.11565272496831429
8 0.799293013307985 0.6708412547528517 0.06297528517110261 0.12436628643852975
0 0.8708828422053234 0.6708412547528517 0.06356939163498102 0.1275348542458809
