9 0.12587333650190113 0.6649001901140685 0.05644011406844107 0.11248415716096324
9 0.1912250475285171 0.6645041191381496 0.05644011406844107 0.11486058301647664
3 0.25568559885931563 0.666880544993663 0.06059885931558937 0.11644486692015205
6 0.32163141634980996 0.6688608998732574 0.06059885931558937 0.11882129277566532
9 0.38965660646387834 0.6664844740177441 0.058816539923954414 0.11406844106463876
5 0.4567906368821293 0.6680687579214196 0.05406368821292782 0.11565272496831429
5 0.5236276140684412 0.6692569708491762 0.05584600760456269 0.11802915082382756
2 0.5913557509505705 0.6656923320659062 0.06178707224334597 0.12040557667934094
9 0.663242633079848 0.666484474017744 0.059410646387832694 0.12198986058301647
4 0.7309707699619773 0.6692569708491762 0.05465779467680605 0.11961343472750308
8 0.8004812262357416 0.6684648288973385 0.057034220532319414 0.1275348542458809
0 0.8691005228136884 0.6652962610899873 0.06356939163498102 0.12595057034220525
