9 0.12527923003802283 0.6645041191381496 0.054063688212927764 0.11327629911280113
9 0.19211620722433465 0.6656923320659063 0.05465779467680607 0.11089987325728773
3 0.2580620247148289 0.6676726869455007 0.05584600760456278 0.11169201520912549
5 0.32163141634980996 0.6684648288973385 0.05703422053231937 0.11169201520912549
9 0.39233008555133086 0.6664844740177441 0.05465779467680609 0.11089987325728773
3 0.4594641159695818 0.666880544993663 0.05228136882129278 0.11486058301647652
8 0.5224394011406844 0.6696530418250951 0.05822243346007605 0.11565272496831429
0 0.5922469106463879 0.6684648288973385 0.061192965779467645 0.11961343472750308
7 0.6644308460076047 0.6664844740177441 0.05228136882129278 0.11406844106463876
2 0.7294855038022814 0.6676726869455007 0.06000475285171101 0.12436628643852986
5 0.7989959600760458 0.6668805449936629 0.055251901140684456 0.11961343472750319
6 0.86850641634981 0.6676726869455007 0.06119296577946756 0.1275348542458809
