9 0.12545362903225807 0.6640072964669739 0.054003456221198155 0.1094470046082949
9 0.19025777649769585 0.6649673579109063 0.05688364055299542 0.1094470046082949
3 0.2572220622119816 0.6702476958525345 0.058323732718894045 0.11232718894009217
5 0.32130616359447006 0.6683275729646697 0.054003456221198134 0.11616743471582182
9 0.39151065668202767 0.666407450076805 0.06048387096774195 0.1104070660522274
3 0.4588349654377881 0.6702476958525345 0.054003456221198134 0.11808755760368671
8 0.5243591589861751 0.668807603686636 0.058323732718894045 0.12864823348694318
0 0.5934835829493087 0.6692876344086022 0.05976382488479262 0.11808755760368671
7 0.6665682603686637 0.666407450076805 0.0504032258064516 0.11616743471582182
2 0.7310123847926269 0.666887480798771 0.06264400921658986 0.1190476190476191
5 0.799416762672811 0.6649673579109063 0.05544354838709671 0.12096774193548386
6 0.8714213709677421 0.6649673579109063 0.059763824884792704 0.12288786482334864
