9 0.12481040794979084 0.6673727336122733 0.058185146443514635 0.11331938633193867
9 0.19182139121338915 0.6669368898186889 0.05883891213389121 0.11070432357043233
3 0.2585054916317992 0.6678085774058578 0.05883891213389121 0.11419107391910745
5 0.32420894351464435 0.6682444211994419 0.059492677824267794 0.1150627615062761
9 0.391546809623431 0.6669368898186889 0.056877615062761545 0.11419107391910745
3 0.4565964958158997 0.6695519525801952 0.060146443514644425 0.11419107391910732
8 0.5242612447698746 0.668244421199442 0.05818514644351467 0.12029288702928866
0 0.5932335251046025 0.6691161087866109 0.060146443514644425 0.11854951185495122
7 0.6628595711297072 0.6647576708507671 0.05164748953974892 0.1150627615062761
2 0.7288899058577406 0.6686802649930265 0.06472280334728034 0.129881450488145
5 0.7991697175732217 0.6651935146443514 0.05622384937238483 0.12290794979079488
6 0.8701032949790793 0.6647576708507671 0.05949267782426784 0.12900976290097632
