9 0.12327887055837564 0.6628912859560068 0.0547271573604061 0.10786802030456855
9 0.18950666243654823 0.6639488155668358 0.0571065989847716 0.10786802030456855
3 0.25613102791878173 0.666063874788494 0.055520304568527926 0.11844331641285955
5 0.3243416878172589 0.6665926395939086 0.055520304568527926 0.11527072758037231
9 0.39175920050761426 0.6665926395939086 0.05869289340101518 0.1110406091370559
3 0.45798699238578683 0.6665926395939086 0.057899746192893356 0.12584602368866318
8 0.5242147842639594 0.6724090524534687 0.06186548223350261 0.12690355329949246
0 0.5932185913705584 0.6713515228426395 0.058692893401015314 0.12055837563451774
7 0.6665847081218275 0.6665926395939086 0.053140862944162495 0.1195008460236887
2 0.7292433375634518 0.6681789340101523 0.061072335025380745 0.12055837563451774
5 0.7986437182741117 0.669765228426396 0.05710659898477149 0.12373096446700499
6 0.870423540609137 0.6665926395939086 0.061072335025380654 0.13007614213197957
