9 0.12689372119815667 0.6654473886328724 0.05832373271889401 0.11616743471582182
9 0.19025777649769585 0.6649673579109063 0.05688364055299542 0.11712749615975421
3 0.2593822004608295 0.6673675115207374 0.0554435483870968 0.11424731182795705
5 0.3241863479262673 0.668807603686636 0.05976382488479262 0.12864823348694318
9 0.39151065668202767 0.6659274193548387 0.05760368663594471 0.1190476190476191
3 0.4555947580645162 0.6668874807987711 0.061923963133640486 0.12480798771121353
8 0.5239991359447006 0.666407450076805 0.06048387096774191 0.12960829493087556
0 0.5924035138248849 0.6702476958525345 0.05904377880184333 0.12576804915514603
7 0.6665682603686637 0.6649673579109063 0.0504032258064516 0.11520737327188944
2 0.7299323156682029 0.666407450076805 0.05904377880184333 0.12576804915514592
5 0.7983366935483871 0.666407450076805 0.05904377880184324 0.12192780337941625
6 0.8699812788018433 0.666407450076805 0.06408410138248861 0.1276881720430108
