9 0.1255926724137931 0.6667385057471265 0.05926724137931036 0.10919540229885054
9 0.19375 0.6699712643678162 0.05334051724137934 0.11278735632183914
3 0.2565193965517241 0.6703304597701151 0.05603448275862069 0.11925287356321838
6 0.3209051724137932 0.6699712643678162 0.057650862068965525 0.10991379310344827
5 0.38987068965517246 0.6699712643678162 0.0587284482758621 0.11566091954022989
3 0.4588362068965518 0.6670977011494253 0.055495689655172424 0.11997126436781601
5 0.5248383620689655 0.6688936781609196 0.05818965517241379 0.12212643678160925
1 0.6072737068965518 0.6721264367816092 0.03017241379310347 0.1214080459770115
2 0.6627693965517243 0.6699712643678162 0.06357758620689653 0.11709770114942526
1 0.7446659482758622 0.6696120689655172 0.02909482758620694 0.1120689655172414
6 0.8001616379310346 0.6685344827586206 0.0549568965517242 0.11709770114942526
5 0.8728987068965518 0.6696120689655172 0.059267241379310324 0.11925287356321838
