9 0.12438807034220534 0.6649001901140684 0.057034220532319393 0.10931558935361209
9 0.19092799429657797 0.6649001901140685 0.05346958174904946 0.11248415716096324
3 0.25717086501901143 0.6672766159695819 0.06356939163498102 0.12991128010139416
5 0.3219284695817491 0.6688608998732574 0.055251901140684415 0.12198986058301658
9 0.3884683935361217 0.6672766159695819 0.05762832699619778 0.11406844106463876
3 0.4561965304182509 0.6680687579214196 0.05881653992395437 0.1235741444866921
8 0.5248158269961978 0.6704451837769329 0.06416349809885934 0.12198986058301647
0 0.5928410171102663 0.6688608998732574 0.057628326996197736 0.11565272496831429
7 0.6662131653992396 0.6676726869455006 0.053469581749049415 0.11961343472750319
2 0.7312678231939165 0.6676726869455006 0.061192965779467735 0.11961343472750319
5 0.7984018536121674 0.6672766159695818 0.057628326996197736 0.12198986058301647
6 0.8699916825095058 0.6680687579214196 0.06891634980988606 0.1235741444866921
