9 0.12513729079497912 0.6647576708507671 0.054916317991631804 0.11331938633193855
9 0.1908407426778243 0.6634501394700139 0.05557008368200833 0.1089609483960949
3 0.2555635460251046 0.6665010460251045 0.059492677824267794 0.12203626220362622
5 0.32094011506276154 0.6678085774058578 0.05557008368200838 0.12116457461645744
9 0.39023927824267785 0.6656293584379358 0.056877615062761504 0.11157601115760112
3 0.4575771443514645 0.6673727336122733 0.05818514644351467 0.12203626220362622
8 0.5239343619246862 0.6669368898186889 0.0614539748953975 0.11942119944211989
0 0.5922528765690377 0.6686802649930265 0.06080020920502092 0.122907949790795
7 0.6648208682008369 0.6665010460251045 0.05295502092050208 0.11157601115760112
2 0.7311780857740587 0.668244421199442 0.05753138075313809 0.12203626220362622
5 0.7991697175732217 0.6678085774058578 0.05883891213389117 0.12116457461645744
6 0.8694495292887029 0.6673727336122733 0.06080020920502101 0.12726638772663865
