9 0.12617038973384032 0.6652962610899873 0.05584600760456274 0.10693916349809882
9 0.19211620722433462 0.666880544993663 0.05703422053231937 0.10852344740177446
3 0.25717086501901143 0.6680687579214196 0.06000475285171106 0.11565272496831429
5 0.32311668250950576 0.6668805449936629 0.0564401140684411 0.11961343472750319
9 0.3899536596958175 0.6656923320659062 0.059410646387832736 0.10773130544993657
3 0.4573847433460076 0.6668805449936629 0.057628326996197736 0.11961343472750319
8 0.5221423479087453 0.6672766159695818 0.06000475285171101 0.11882129277566543
0 0.5934351235741445 0.6696530418250951 0.061192965779467645 0.11565272496831429
7 0.6620544201520913 0.6637119771863118 0.05465779467680605 0.11486058301647664
2 0.7291884505703422 0.666484474017744 0.06297528517110261 0.12198986058301647
5 0.7986989068441066 0.6645041191381496 0.057034220532319414 0.11961343472750319
6 0.870288735741445 0.6633159062103929 0.06238117870722437 0.12674271229404302
