9 0.1258136520737327 0.6616071428571428 0.0576036866359447 0.11616743471582171
9 0.1916978686635945 0.6625672043010752 0.058323732718894065 0.11424731182795694
3 0.2575820852534562 0.6692876344086022 0.05760368663594471 0.12000768049155149
5 0.32238623271889405 0.6673675115207374 0.05760368663594471 0.12576804915514592
9 0.39259072580645166 0.6668874807987711 0.058323732718894045 0.12288786482334875
3 0.45667482718894015 0.6654473886328726 0.0554435483870968 0.12384792626728101
8 0.5225590437788019 0.6649673579109063 0.06048387096774199 0.1267281105990784
0 0.5934835829493087 0.6649673579109063 0.05976382488479262 0.1363287250384025
7 0.6633280529953918 0.6616071428571428 0.05256336405529947 0.11424731182795694
2 0.7302923387096775 0.6654473886328726 0.0612039170506912 0.12960829493087556
5 0.8001368087557603 0.6654473886328726 0.05688364055299529 0.12960829493087556
6 0.8714213709677419 0.6668874807987711 0.0554435483870968 0.1267281105990783
