9 0.12471101097178681 0.6624281609195402 0.058777429467084634 0.1155956112852665
9 0.19034580721003133 0.6656935736677116 0.056818181818181795 0.1142894461859979
3 0.2567153213166144 0.6692855276907002 0.06122648902821318 0.11886102403343782
5 0.3221052115987461 0.668958986415883 0.056818181818181795 0.12082027168234065
9 0.3923932210031348 0.6686324451410658 0.059267241379310324 0.1123301985370952
3 0.4582729231974922 0.6669997387669803 0.0577978056426332 0.12082027168234065
8 0.5241526253918496 0.6669997387669803 0.059267241379310415 0.12212643678160913
0 0.5929711990595611 0.6686324451410658 0.06171630094043881 0.11886102403343782
7 0.6657082680250784 0.6653670323928944 0.0494710031347962 0.11624869383490075
2 0.7308532523510971 0.6660201149425287 0.059267241379310415 0.12147335423197489
5 0.7974676724137931 0.6653670323928944 0.057307993730407514 0.11886102403343782
6 0.8738783307210032 0.6673262800417973 0.06808385579937291 0.12277951933124337
