9 0.12565206692913383 0.6643372703412074 0.059055118110236206 0.10744750656167987
9 0.1917814960629921 0.6639271653543306 0.05597933070866146 0.11318897637795272
3 0.25760334645669286 0.6659776902887138 0.06090059055118107 0.11729002624671914
5 0.3221948818897638 0.6676181102362205 0.05843996062992125 0.11564960629921259
9 0.3929379921259842 0.6667979002624671 0.05720964566929126 0.11072834645669284
3 0.45999015748031485 0.6672080052493439 0.055979330708661394 0.11975065616797902
8 0.522736220472441 0.6688484251968504 0.05843996062992121 0.12467191601049876
0 0.5931717519685039 0.6676181102362205 0.06151574803149602 0.12385170603674543
7 0.6651451771653543 0.6631069553805774 0.046751968503937036 0.11482939632545926
2 0.7294291338582677 0.6655675853018372 0.062130905511811024 0.12631233595800517
5 0.7992495078740158 0.6647473753280839 0.055364173228346664 0.12467191601049864
6 0.8696850393700789 0.6663877952755906 0.062130905511810934 0.12795275590551172
