9 0.1250936059907834 0.6635272657450078 0.0576036866359447 0.11040706605222728
9 0.19205789170506915 0.6644873271889401 0.05472350230414751 0.11040706605222728
3 0.2572220622119816 0.6659274193548387 0.06120391705069124 0.11328725038402455
5 0.3216661866359447 0.6702476958525345 0.0504032258064516 0.12000768049155149
9 0.3907906105990784 0.6659274193548387 0.059043778801843284 0.11520737327188932
3 0.4602750576036867 0.6654473886328726 0.05688364055299538 0.12384792626728101
8 0.5265192972350231 0.6697676651305684 0.05976382488479262 0.12096774193548386
0 0.5931235599078342 0.6692876344086022 0.05904377880184333 0.12192780337941625
7 0.6651281682027651 0.6616071428571428 0.05616359447004609 0.12000768049155149
2 0.7292122695852536 0.668807603686636 0.05904377880184333 0.13056835637480796
5 0.7983366935483871 0.666407450076805 0.06336405529953906 0.12960829493087556
6 0.8728614631336407 0.666887480798771 0.059763824884792704 0.1363287250384025
