9 0.12169257614213197 0.6623625211505922 0.05948604060913707 0.11315566835871399
9 0.1891100888324873 0.6634200507614212 0.05631345177664973 0.1089255499153977
3 0.25613102791878173 0.670822758037225 0.06345177664974617 0.11315566835871399
5 0.3215656725888325 0.6713515228426395 0.053140862944162454 0.12478849407783427
9 0.3877934644670051 0.6681789340101523 0.06027918781725888 0.13324873096446693
3 0.4575904187817259 0.669765228426396 0.05393401015228427 0.1364213197969543
8 0.5246113578680204 0.6702939932318105 0.057899746192893446 0.13324873096446693
0 0.5940117385786803 0.6665926395939086 0.05710659898477158 0.13853637901861263
7 0.6646018401015228 0.6671214043993231 0.055520304568527926 0.12267343485617595
2 0.7304330583756345 0.6676501692047376 0.06186548223350252 0.12796108291032138
5 0.8002300126903553 0.6718802876480541 0.06186548223350244 0.1385363790186125
6 0.8720098350253807 0.6676501692047377 0.0626586294416244 0.1321912013536379
