9 0.12415664225941425 0.6625784518828451 0.05557008368200836 0.11419107391910745
9 0.19149450836820087 0.6660652022315202 0.056877615062761455 0.11419107391910745
3 0.25589042887029295 0.6678085774058578 0.06276150627615062 0.12116457461645744
5 0.3215938807531381 0.6686802649930265 0.05557008368200833 0.12116457461645744
9 0.3899123953974896 0.6669368898186889 0.05491631799163188 0.11244769874476988
3 0.4588846757322177 0.6699877963737796 0.05557008368200842 0.12377963737796366
8 0.5226268305439331 0.6695519525801952 0.060146443514644335 0.12813807531380755
0 0.5929066422594143 0.6686802649930265 0.05949267782426784 0.122907949790795
7 0.6654746338912134 0.6673727336122733 0.04903242677824267 0.1185495118549511
2 0.7272554916317993 0.6647576708507671 0.05883891213389125 0.11854951185495122
5 0.7978621861924686 0.6673727336122733 0.05622384937238483 0.12552301255230133
6 0.8687957635983263 0.6656293584379358 0.06080020920502101 0.12900976290097632
