9 0.12415664225941425 0.6630142956764296 0.05949267782426777 0.11680613668061367
9 0.19018697698744771 0.6630142956764296 0.05164748953974892 0.11157601115760112
3 0.2545828974895398 0.6669368898186889 0.060146443514644335 0.11767782426778232
5 0.32192076359832633 0.6682444211994419 0.05883891213389121 0.11680613668061367
9 0.3912199267782427 0.6656293584379358 0.05622384937238496 0.10983263598326355
3 0.458230910041841 0.6673727336122733 0.05818514644351458 0.1185495118549511
8 0.5249150104602511 0.6695519525801952 0.05949267782426784 0.12116457461645756
0 0.5929066422594143 0.6678085774058576 0.0660303347280335 0.11593444909344489
7 0.6654746338912134 0.6660652022315202 0.04510983263598334 0.11593444909344489
2 0.7298705543933055 0.6660652022315202 0.0614539748953975 0.11767782426778245
5 0.7991697175732219 0.6686802649930265 0.05491631799163175 0.12639470013947
6 0.870757060669456 0.6651935146443514 0.06080020920502101 0.12813807531380755
