9 0.12481040794979084 0.6647576708507671 0.056877615062761504 0.11331938633193855
9 0.18986009414225946 0.6660652022315202 0.0549163179916318 0.11767782426778245
3 0.2555635460251046 0.6686802649930265 0.06080020920502092 0.12116457461645744
6 0.3219207635983264 0.6708594839609483 0.05360878661087867 0.12029288702928866
3 0.3922005753138076 0.668244421199442 0.054262552301255255 0.12377963737796378
6 0.45626961297071134 0.6686802649930265 0.05949267782426784 0.122907949790795
9 0.5255687761506277 0.6651935146443514 0.054262552301255255 0.11767782426778245
4 0.5922528765690377 0.6660652022315202 0.05295502092050208 0.11593444909344489
8 0.6602445083682009 0.6669368898186889 0.05949267782426775 0.11942119944211989
8 0.7311780857740587 0.6660652022315202 0.06276150627615058 0.122907949790795
9 0.8001503661087868 0.663450139470014 0.05949267782426775 0.12116457461645744
2 0.870757060669456 0.6669368898186889 0.062107740585774 0.12465132496513255
