9 0.12439769553072622 0.6642341713221601 0.05848463687150839 0.10824022346368711
9 0.1911749301675977 0.667725791433892 0.0576117318435754 0.11056797020484173
3 0.2548969972067039 0.6706354748603353 0.05935754189944134 0.11638733705772815
6 0.32080132681564244 0.6688896648044692 0.060230446927374275 0.11755121042830545
3 0.3910701815642457 0.6688896648044692 0.057611731843575376 0.12686219739292368
6 0.45653805865921787 0.6717993482309125 0.06110335195530725 0.11405959031657364
9 0.5254975558659217 0.665979981378026 0.05586592178770955 0.11405959031657364
4 0.5927112430167597 0.6624883612662943 0.05935754189944129 0.10940409683426443
8 0.6594884776536313 0.6677257914338919 0.05673882681564244 0.12686219739292368
8 0.7293208798882681 0.6642341713221602 0.060230446927374365 0.1385009310986965
9 0.802644902234637 0.6665619180633147 0.05848463687150858 0.12918994413407817
2 0.8750960195530727 0.6653980446927374 0.06895949720670398 0.13850093109869638
