9 0.12248572335025379 0.6655351099830795 0.05472715736040609 0.1173857868020305
9 0.1887135152284264 0.6623625211505922 0.05393401015228425 0.10892554991539759
3 0.2557344543147208 0.6692364636209813 0.04996827411167515 0.12055837563451774
6 0.3187896573604061 0.6692364636209814 0.058692893401015224 0.12690355329949235
3 0.3885866116751269 0.6692364636209814 0.05393401015228427 0.12690355329949235
6 0.4564006979695432 0.6687076988155668 0.05948604060913709 0.1195008460236887
9 0.5273873730964468 0.6665926395939086 0.058692893401015224 0.12161590524534678
4 0.5940117385786803 0.669765228426396 0.055520304568527926 0.11527072758037218
8 0.6602395304568529 0.6671214043993231 0.05948604060913701 0.12267343485617595
8 0.7300364847715737 0.6644775803722504 0.061072335025380654 0.1237309644670051
9 0.7994368654822335 0.6650063451776649 0.05869289340101505 0.12901861252115054
2 0.8692338197969542 0.6634200507614212 0.06186548223350244 0.1385363790186125
