9 0.12437355990783408 0.6644873271889402 0.056163594470046076 0.11232718894009217
9 0.19061779953917052 0.6668874807987711 0.06048387096774197 0.1094470046082949
3 0.25614199308755764 0.6692876344086022 0.06048387096774195 0.11232718894009217
6 0.3216661866359447 0.6692876344086022 0.05904377880184333 0.11808755760368671
3 0.391150633640553 0.6688076036866359 0.058323732718893996 0.11712749615975421
6 0.45595478110599075 0.6697676651305684 0.05544354838709671 0.11520737327188932
9 0.5232790898617513 0.6654473886328726 0.05904377880184333 0.11424731182795694
4 0.5938436059907835 0.6678475422427036 0.05472350230414751 0.11136712749615967
8 0.6608078917050692 0.6659274193548387 0.057603686635944666 0.11520737327188932
8 0.7281322004608296 0.666887480798771 0.06120391705069128 0.1190476190476191
9 0.7986967165898617 0.6620871735791092 0.05544354838709671 0.12096774193548386
2 0.869261232718894 0.6635272657450078 0.06552419354838719 0.13536866359446997
