9 0.12532327586206898 0.6660201149425288 0.055495689655172424 0.10919540229885065
9 0.19132543103448277 0.6663793103448276 0.05603448275862069 0.10560344827586204
3 0.25786637931034484 0.6696120689655172 0.0587284482758621 0.11925287356321838
6 0.32009698275862075 0.6692528735632185 0.05603448275862069 0.13290229885057472
5 0.38906250000000003 0.6696120689655172 0.05603448275862064 0.11637931034482764
3 0.45695043103448274 0.6685344827586206 0.059267241379310415 0.11422413793103452
5 0.5232219827586206 0.6688936781609196 0.05818965517241379 0.11637931034482751
1 0.6110452586206897 0.6703304597701151 0.024784482758620642 0.10775862068965515
2 0.6608836206896552 0.667816091954023 0.060883620689655166 0.11709770114942539
1 0.7454741379310346 0.6699712643678162 0.0274784482758621 0.1084770114942529
6 0.7985452586206897 0.6681752873563219 0.057112068965517175 0.11637931034482764
5 0.871551724137931 0.6692528735632184 0.0587284482758621 0.11997126436781613
