9 0.1250936059907834 0.6678475422427036 0.06048387096774194 0.11328725038402467
9 0.19133784562211983 0.666407450076805 0.059043778801843375 0.10848694316436251
3 0.2572220622119816 0.6702476958525345 0.05976382488479262 0.11424731182795694
6 0.32130616359447006 0.6707277265745009 0.05976382488479262 0.1190476190476191
3 0.38935051843317975 0.6697676651305684 0.057603686635944666 0.12288786482334864
6 0.45739487327188943 0.6692876344086022 0.05688364055299538 0.12192780337941625
9 0.5257992511520738 0.6688076036866359 0.06120391705069128 0.11712749615975421
4 0.5934835829493087 0.6673675115207374 0.058323732718894045 0.11232718894009217
8 0.6611679147465438 0.6678475422427036 0.0612039170506912 0.11712749615975421
8 0.7306523617511522 0.6697676651305684 0.05904377880184333 0.1324884792626727
9 0.8001368087557603 0.6620871735791092 0.05544354838709671 0.1267281105990784
2 0.870341301843318 0.6611271121351767 0.06192396313364057 0.13824884792626727
