9 0.12327887055837564 0.6628912859560068 0.05789974619289341 0.11844331641285955
9 0.1914895304568528 0.6671214043993231 0.05472715736040612 0.11632825719120134
3 0.25652760152284265 0.6681789340101522 0.0610723350253807 0.12690355329949235
6 0.3203759517766498 0.6665926395939086 0.05393401015228427 0.12796108291032138
3 0.38739689086294415 0.666063874788494 0.0578997461928934 0.12267343485617595
6 0.45402125634517765 0.6655351099830795 0.061072335025380745 0.1258460236886633
9 0.5265942258883248 0.6676501692047376 0.058692893401015224 0.1173857868020305
4 0.5955980329949239 0.6676501692047376 0.06186548223350252 0.11104060913705578
8 0.6618258248730964 0.6681789340101522 0.061072335025380745 0.12690355329949235
8 0.7300364847715737 0.666063874788494 0.05948604060913709 0.13747884940778346
9 0.7998334390862945 0.6639488155668357 0.06741751269035526 0.11844331641285955
2 0.8712166878172589 0.6634200507614212 0.06583121827411169 0.1321912013536379
