9 0.1250936059907834 0.6644873271889402 0.05904377880184332 0.10464669738863286
9 0.1924179147465438 0.6659274193548387 0.054003456221198204 0.10752688172043001
3 0.2565020161290323 0.6683275729646697 0.06120391705069124 0.11616743471582182
6 0.32166618663594476 0.671207757296467 0.06048387096774195 0.11616743471582182
3 0.39151065668202767 0.6697676651305684 0.059043778801843284 0.11520737327188932
6 0.45523473502304146 0.666407450076805 0.05688364055299538 0.12384792626728114
9 0.5254392281105992 0.6649673579109063 0.057603686635944666 0.11520737327188944
4 0.5949236751152074 0.6673675115207374 0.05688364055299538 0.11232718894009217
8 0.6600878456221199 0.6644873271889401 0.05904377880184324 0.12576804915514592
8 0.7295722926267282 0.6678475422427036 0.06120391705069128 0.12096774193548399
9 0.8008568548387096 0.6654473886328724 0.05688364055299529 0.11616743471582182
2 0.8703413018433178 0.666887480798771 0.0648041474654379 0.1190476190476191
