9 0.12221543296089382 0.6653980446927376 0.055865921787709494 0.11522346368715083
9 0.19073847765363122 0.6636522346368714 0.05673882681564242 0.11405959031657353
3 0.25620635474860326 0.6706354748603351 0.05673882681564249 0.12337057728119187
6 0.32211068435754187 0.6706354748603351 0.05586592178770951 0.12337057728119187
3 0.39063372905027927 0.6700535381750465 0.054993016759776574 0.12453445065176905
6 0.45653805865921787 0.6700535381750465 0.06110335195530725 0.12220670391061456
9 0.5254975558659217 0.6700535381750465 0.05935754189944129 0.11755121042830545
4 0.5940206005586591 0.6723812849162011 0.054993016759776484 0.12220670391061456
8 0.6594884776536313 0.6694716014897578 0.0584846368715084 0.12104283054003726
8 0.7293208798882681 0.6688896648044692 0.060230446927374365 0.12686219739292368
9 0.8022084497206704 0.6653980446927374 0.06284916201117322 0.13151769087523277
2 0.8746595670391062 0.6665619180633147 0.068086592178771 0.13151769087523277
