9 0.1235363924050633 0.6657700421940927 0.05439082278481014 0.11471518987341772
9 0.19078322784810128 0.6651107594936708 0.05636867088607596 0.11603375527426157
3 0.25654667721518987 0.6657700421940927 0.06329113924050632 0.12262658227848107
6 0.3213212025316456 0.6684071729957805 0.05636867088607592 0.11735232067510554
3 0.39202927215189876 0.6723628691983121 0.05933544303797467 0.11471518987341772
6 0.4577927215189873 0.6677478902953585 0.062302215189873424 0.12394514767932492
9 0.5250395569620253 0.663792194092827 0.05834651898734178 0.10812236286919834
4 0.5957476265822784 0.6651107594936708 0.05340189873417716 0.10812236286919834
8 0.6615110759493672 0.6677478902953585 0.056368670886076 0.12394514767932492
8 0.729746835443038 0.6618143459915611 0.06428006329113921 0.13581223628691982
9 0.802432753164557 0.663792194092827 0.061313291139240535 0.13449367088607586
2 0.8741297468354429 0.6644514767932489 0.05636867088607592 0.12526371308016876
