9 0.12646744296577947 0.6676726869455007 0.056440114068441065 0.10852344740177446
9 0.19271031368821295 0.666088403041825 0.057034220532319414 0.10852344740177433
3 0.2568738117870723 0.6680687579214196 0.05822243346007605 0.1172370088719898
6 0.32163141634980996 0.670049112801014 0.055846007604562736 0.11010773130544997
3 0.3899536596958175 0.6684648288973385 0.059410646387832736 0.11802915082382756
6 0.4570876901140684 0.6712373257287706 0.059410646387832694 0.12040557667934094
9 0.5248158269961978 0.6652962610899873 0.05584600760456269 0.12119771863117872
4 0.5925439638783271 0.6649001901140684 0.05584600760456278 0.10931558935361209
8 0.659677994296578 0.6656923320659062 0.05822243346007605 0.12040557667934094
8 0.7282972908745248 0.6641080481622307 0.061192965779467645 0.11882129277566543
9 0.8025605988593156 0.6645041191381496 0.05644011406844101 0.11802915082382767
2 0.8723681083650192 0.6645041191381496 0.06178707224334606 0.1275348542458808
