9 0.12618297803617573 0.6647986649440137 0.053698320413436695 0.10874246339362621
9 0.19401243540051683 0.6666828165374676 0.05289082687338505 0.10928079242032733
3 0.25618943798449617 0.6674903100775195 0.05773578811369511 0.1119724375538329
6 0.32018330103359177 0.6704511197243755 0.0581395348837209 0.11251076658053402
5 0.38639777131782954 0.6696436261843239 0.05733204134366923 0.12058570198105087
3 0.4572553294573643 0.6677594745908699 0.0585432816537467 0.1189707149009474
5 0.5228641795865633 0.6658753229974159 0.05894702842377262 0.13027562446167107
1 0.6080547480620155 0.6674903100775195 0.02745478036175717 0.10766580534022398
2 0.6603399547803618 0.665336993970715 0.06258074935400515 0.12381567614125745
1 0.747953003875969 0.6682978036175712 0.025436046511627897 0.10066752799310935
6 0.798421350129199 0.6650678294573643 0.05531330749354 0.12004737295434964
5 0.8704901485788114 0.6699127906976744 0.05571705426356602 0.12758397932816537
