9 0.12437355990783408 0.666407450076805 0.06048387096774194 0.10656682027649762
9 0.19061779953917052 0.6654473886328726 0.05616359447004611 0.10464669738863286
3 0.25614199308755764 0.6692876344086022 0.06768433179723506 0.10848694316436251
6 0.32130616359447006 0.6688076036866359 0.058323732718894045 0.1094470046082949
0 0.3882704493087558 0.666407450076805 0.06264400921658986 0.12192780337941625
0 0.45451468894009217 0.6630472350230415 0.05976382488479262 0.13056835637480807
9 0.5261592741935485 0.6649673579109063 0.053283410138248846 0.10752688172043012
6 0.589163306451613 0.666407450076805 0.054003456221198134 0.11808755760368671
1 0.6716085829493088 0.6673675115207374 0.0403225806451613 0.11040706605222728
5 0.7310123847926268 0.6678475422427036 0.058323732718894045 0.11904761904761897
7 0.8030169930875577 0.6654473886328726 0.0511232718894008 0.11424731182795694
6 0.8717813940092166 0.6702476958525345 0.06192396313364057 0.12960829493087556
