9 0.12401353686635944 0.666407450076805 0.05976382488479263 0.10848694316436251
9 0.19169786866359448 0.6659274193548387 0.06120391705069124 0.10560675883256525
3 0.2575820852534562 0.668807603686636 0.05904377880184333 0.11136712749615979
6 0.3198660714285715 0.6678475422427036 0.0554435483870968 0.11904761904761897
0 0.38863047235023046 0.6683275729646697 0.06624423963133644 0.11232718894009217
0 0.45739487327188943 0.6721678187403994 0.06264400921658986 0.11616743471582182
9 0.5254392281105992 0.6673675115207374 0.05184331797235018 0.11424731182795705
6 0.5902433755760369 0.6697676651305684 0.06048387096774191 0.11712749615975433
1 0.6744887672811061 0.6707277265745009 0.034562211981566816 0.11712749615975421
5 0.7295722926267282 0.6712077572964669 0.049683179723502315 0.12192780337941625
7 0.804817108294931 0.6654473886328724 0.0460829493087557 0.11616743471582182
6 0.8728614631336407 0.6659274193548387 0.05832373271889413 0.12096774193548386
