9 0.12764118020304568 0.6634200507614212 0.05710659898477158 0.1089255499153977
9 0.1914895304568528 0.665006345177665 0.05472715736040612 0.10998307952622674
3 0.2581138959390863 0.6692364636209814 0.0578997461928934 0.11844331641285955
7 0.32592798223350256 0.6692364636209814 0.05234771573604063 0.11844331641285955
1 0.40325983502538065 0.6729378172588834 0.032519035532994914 0.1216159052453469
3 0.4583835659898477 0.669765228426396 0.05710659898477158 0.1173857868020305
6 0.5222319162436548 0.6713515228426395 0.05948604060913709 0.11632825719120134
2 0.5928220177664975 0.6718802876480541 0.06424492385786805 0.11950084602368859
1 0.6741196065989848 0.669765228426396 0.03331218274111674 0.1131556683587141
6 0.7312262055837564 0.6713515228426395 0.05710659898477158 0.12055837563451774
1 0.8069717639593907 0.6687076988155668 0.04045050761421312 0.11315566835871399
1 0.8827173223350254 0.6681789340101523 0.038071065989847774 0.11632825719120134
