9 0.12329349078341012 0.6630472350230415 0.05400345622119817 0.1094470046082949
9 0.19061779953917052 0.6635272657450078 0.05472350230414751 0.10464669738863297
3 0.2565020161290323 0.6697676651305684 0.06120391705069124 0.11136712749615979
7 0.32562644009216596 0.666887480798771 0.054003456221198176 0.11136712749615979
1 0.40123127880184334 0.6692876344086022 0.039602534562211966 0.1027265745007681
3 0.4555947580645161 0.671207757296467 0.05616359447004609 0.11616743471582182
6 0.51931883640553 0.6702476958525345 0.058323732718893954 0.12384792626728101
2 0.5909634216589862 0.6683275729646697 0.06480414746543782 0.13152841781874045
1 0.6737687211981567 0.6673675115207374 0.03744239631336406 0.10656682027649775
6 0.7292122695852536 0.668807603686636 0.05904377880184333 0.13056835637480796
1 0.8138176843317972 0.6640072964669739 0.03384216589861735 0.12288786482334875
1 0.8883424539170506 0.6716877880184332 0.025921658986175267 0.11136712749615967
