9 0.12617038973384032 0.6645041191381496 0.05584600760456274 0.10693916349809882
9 0.1915221007604563 0.666088403041825 0.053469581749049436 0.10852344740177433
3 0.2568738117870723 0.6688608998732574 0.059410646387832736 0.11882129277566532
6 0.3210373098859316 0.6692569708491762 0.05822243346007605 0.113276299112801
5 0.38638902091254756 0.6688608998732574 0.05346958174904946 0.11565272496831429
3 0.4576817965779467 0.6712373257287706 0.05822243346007605 0.11723700887198991
5 0.5239246673003802 0.6708412547528517 0.05525190114068437 0.11644486692015205
1 0.6118524239543727 0.6724255386565273 0.02435836501901134 0.10852344740177433
2 0.6599750475285172 0.670049112801014 0.06238117870722437 0.11961343472750319
1 0.7479028041825097 0.6692569708491762 0.026734790874524794 0.11010773130544997
6 0.7998871197718632 0.6688608998732574 0.053469581749049505 0.12040557667934083
5 0.8693975760456274 0.666088403041825 0.05822243346007597 0.12278200253485423
