9 0.1241942663817664 0.6661858974358974 0.058315527065527055 0.10921177587844255
9 0.19052261396011394 0.6688568376068376 0.05297364672364671 0.11336657169990498
3 0.2548477564102564 0.6724180911680911 0.059650997150997136 0.11811490978157645
6 0.31917289886039885 0.6709342355175688 0.05386396011396011 0.11989553656220325
5 0.3861689814814815 0.67034069325736 0.056980056980056926 0.12108262108262112
6 0.4553908475783476 0.6712310066476732 0.055644586894586824 0.12286324786324782
9 0.5266159188034187 0.6694503798670465 0.05386396011396011 0.11455365622032285
4 0.592721688034188 0.6664826685660019 0.052528490028490006 0.10743114909781575
0 0.6617209757834758 0.6697471509971509 0.06054131054131054 0.11752136752136752
9 0.7307202635327635 0.6652955840455841 0.052528490028490006 0.11574074074074082
0 0.7983840811965811 0.6649988129154796 0.06054131054131054 0.12108262108262101
4 0.873170405982906 0.6688568376068376 0.06232193732193725 0.1204890788224122
