9 0.12557628326996198 0.6649001901140684 0.058222433460076044 0.11723700887198991
9 0.19181915399239546 0.6645041191381496 0.05168726235741448 0.11169201520912538
3 0.2583590779467681 0.6692569708491762 0.05168726235741446 0.12119771863117872
6 0.32044320342205324 0.6684648288973385 0.05822243346007605 0.11961343472750308
5 0.38787428707224336 0.6684648288973385 0.05762832699619769 0.11169201520912549
3 0.45916706273764263 0.6688608998732574 0.05525190114068437 0.11089987325728773
5 0.5239246673003802 0.6676726869455007 0.05168726235741446 0.11802915082382756
1 0.6097730513307985 0.6672766159695818 0.029705323193916302 0.10614702154626106
2 0.659677994296578 0.6672766159695819 0.057034220532319414 0.11565272496831429
1 0.744932271863118 0.670049112801014 0.021981939163498155 0.10693916349809894
6 0.7989959600760458 0.670049112801014 0.05049904942965791 0.11961343472750319
5 0.8708828422053232 0.666484474017744 0.05644011406844101 0.12040557667934094
