9 0.12618297803617576 0.6661444875107666 0.056928294573643415 0.10712747631352286
9 0.19118620801033598 0.6647986649440137 0.056928294573643456 0.10766580534022398
3 0.2559875645994833 0.6682978036175711 0.05733204134366923 0.11681739879414295
6 0.31977955426356597 0.6701819552110249 0.054102067183462534 0.11627906976744183
5 0.3870033914728683 0.6691052971576227 0.052890826873384936 0.1152024117140396
6 0.45422722868217047 0.6672211455641688 0.0565245478036176 0.11681739879414295
9 0.5273053940568476 0.6647986649440137 0.0565245478036176 0.10874246339362621
4 0.5921067506459948 0.6664136520241172 0.05208333333333331 0.11089577950043067
0 0.6613493217054264 0.6664136520241172 0.05894702842377253 0.1281223083548665
9 0.7301881459948321 0.6647986649440137 0.05450581395348841 0.11412575366063736
0 0.7988250968992248 0.6672211455641688 0.05935077519379837 0.1189707149009474
4 0.873921996124031 0.6693744616709733 0.06258074935400533 0.11574074074074071
