9 0.12593554075235108 0.664387408568443 0.057307993730407514 0.10645245559038656
9 0.19279486677115987 0.6679793625914315 0.054858934169278985 0.10710553814002093
3 0.25745003918495296 0.6689589864158829 0.05975705329153605 0.11820794148380358
6 0.3201459639498433 0.6683059038662487 0.05779780564263324 0.1247387669801462
5 0.3879849137931035 0.6683059038662487 0.0524098746081505 0.12212643678160925
6 0.4538646159874608 0.6679793625914316 0.05583855799373039 0.1227795193312435
9 0.5263567789968652 0.6660201149425288 0.06073667711598745 0.11494252873563214
4 0.5951753526645768 0.6673262800417973 0.059267241379310324 0.11233019853709507
0 0.6608101489028213 0.6686324451410658 0.06024686520376177 0.11755485893416934
9 0.7301185344827587 0.6647139498432603 0.06073667711598745 0.11233019853709507
0 0.7982023902821317 0.6656935736677115 0.05975705329153618 0.11167711598746083
4 0.8719190830721004 0.6676528213166144 0.06416536050156729 0.11167711598746083
