9 0.12498217680608366 0.666880544993663 0.0594106463878327 0.11169201520912549
9 0.19092799429657795 0.6652962610899874 0.05228136882129275 0.113276299112801
3 0.25449738593155896 0.6696530418250951 0.05822243346007605 0.12198986058301647
6 0.3201461501901141 0.6641080481622307 0.057628326996197736 0.13149556400506981
5 0.38817134030418254 0.6676726869455006 0.051093155893536135 0.12278200253485423
6 0.4535230513307985 0.6716333967046895 0.059410646387832694 0.11961343472750319
9 0.5277863593155895 0.6672766159695819 0.059410646387832694 0.10931558935361221
4 0.5949203897338403 0.6672766159695819 0.05228136882129278 0.1077313054499367
0 0.6587868346007606 0.6645041191381496 0.06000475285171101 0.12278200253485423
9 0.7309707699619772 0.6637119771863118 0.05822243346007605 0.11486058301647664
0 0.7978077471482892 0.6668805449936629 0.05881653992395437 0.12436628643852975
4 0.8711798954372626 0.6680687579214196 0.06178707224334606 0.11882129277566532
