9 0.1254261363636364 0.6660984848484849 0.05738636363636365 0.10909090909090911
9 0.1921875 0.6653409090909091 0.055681818181818166 0.10757575757575755
3 0.2558238636363636 0.6660984848484849 0.05681818181818184 0.11363636363636366
6 0.3191761363636364 0.6679924242424242 0.05625 0.11439393939393933
5 0.3867897727272727 0.6683712121212121 0.058522727272727254 0.11666666666666667
6 0.4561079545454546 0.6668560606060605 0.05625 0.11666666666666667
9 0.5265625 0.6672348484848485 0.06193181818181817 0.11136363636363633
4 0.5950284090909091 0.6710227272727274 0.0545454545454545 0.115909090909091
0 0.6609375000000001 0.6645833333333333 0.06363636363636367 0.12424242424242422
9 0.7319602272727274 0.6649621212121212 0.05795454545454542 0.11439393939393933
0 0.8015625000000001 0.6660984848484849 0.053977272727272665 0.12272727272727278
4 0.8714488636363638 0.6664772727272726 0.06306818181818184 0.11287878787878788
