9 0.12369424882629108 0.6668818466353678 0.05831866197183099 0.10661189358372454
9 0.19301643192488266 0.6666373239436618 0.05245011737089203 0.10612284820031294
3 0.25573650234741785 0.6661482785602504 0.059785798122065706 0.11688184663536773
6 0.32084066901408453 0.6661482785602504 0.05868544600938966 0.1207942097026604
5 0.3874119718309859 0.6698161189358374 0.05391725352112675 0.11932707355242572
6 0.4536164906103286 0.667859937402191 0.05721830985915491 0.11834898278560253
9 0.5269732981220658 0.665414710485133 0.06015258215962449 0.10856807511737081
4 0.5933612089201878 0.6656592331768388 0.05208333333333331 0.10905712050078241
0 0.6615830399061035 0.6661482785602504 0.057951877934272304 0.1207942097026604
9 0.7327391431924883 0.6646811424100157 0.05721830985915499 0.10807902973395933
0 0.8000440140845072 0.665414710485133 0.058318661971831 0.12030516431924893
4 0.8730340375586856 0.6671263693270736 0.057585093896713783 0.11492566510172146
