9 0.12644482217573225 0.6678085774058578 0.0549163179916318 0.11244769874476988
9 0.19182139121338915 0.6660652022315202 0.057531380753138045 0.11244769874476988
3 0.257197960251046 0.6691161087866109 0.05883891213389121 0.11331938633193855
6 0.32094011506276154 0.6712953277545326 0.05818514644351463 0.122907949790795
5 0.3879510983263599 0.6712953277545326 0.05883891213389125 0.11419107391910745
3 0.4588846757322177 0.6695519525801952 0.05818514644351458 0.12116457461645756
5 0.5252418933054394 0.6691161087866109 0.05491631799163175 0.11854951185495122
1 0.6099045502092051 0.670423640167364 0.029419456066945585 0.11593444909344489
2 0.661552039748954 0.6686802649930265 0.06080020920502092 0.11942119944212
1 0.7478491108786612 0.6708594839609483 0.03203451882845192 0.11331938633193867
6 0.7981890690376569 0.6656293584379358 0.05557008368200825 0.12377963737796366
5 0.8704301778242677 0.6669368898186889 0.06799163179916316 0.1333682008368201
