9 0.12365351382488479 0.6668874807987711 0.06192396313364055 0.1094470046082949
9 0.19025777649769587 0.666407450076805 0.05544354838709682 0.11232718894009217
3 0.25686203917050693 0.668807603686636 0.06048387096774195 0.11328725038402455
6 0.3209461405529954 0.6721678187403994 0.05760368663594471 0.12000768049155136
5 0.3871903801843319 0.6702476958525345 0.05616359447004613 0.12000768049155149
6 0.4527145737327189 0.6697676651305684 0.05472350230414742 0.12096774193548386
9 0.5247191820276499 0.666407450076805 0.057603686635944756 0.11232718894009217
4 0.5942036290322581 0.6683275729646697 0.058323732718893954 0.11424731182795705
0 0.6600878456221199 0.6678475422427036 0.06048387096774199 0.11712749615975421
9 0.7310123847926269 0.666887480798771 0.05688364055299538 0.11328725038402455
0 0.7997767857142858 0.6678475422427036 0.05904377880184324 0.12288786482334875
4 0.8743015552995392 0.6697676651305684 0.06120391705069128 0.11520737327188932
