9 0.12486516497461929 0.6634200507614212 0.05631345177664975 0.1173857868020305
9 0.1914895304568528 0.6650063451776649 0.053140862944162454 0.11632825719120134
3 0.257197960251046 0.6673727336122733 0.05883891213389121 0.12203626220362622
6 0.3212669979079498 0.668244421199442 0.060146443514644335 0.12377963737796378
9 0.39089304393305446 0.6695519525801952 0.05557008368200838 0.12290794979079488
5 0.45528896443514655 0.6699877963737796 0.05622384937238492 0.12203626220362622
5 0.5229537133891213 0.6699877963737796 0.054262552301255255 0.12203626220362622
2 0.5909453451882846 0.6695519525801952 0.06210774058577409 0.12639470013947
9 0.6631864539748955 0.6665010460251045 0.05883891213389117 0.11506276150627623
4 0.7311780857740586 0.6691161087866109 0.05491631799163184 0.11157601115760112
8 0.7988428347280335 0.6691161087866109 0.05949267782426775 0.12552301255230122
0 0.869776412133891 0.6691161087866109 0.0614539748953975 0.12203626220362622
