9 0.12439769553072622 0.6648161080074487 0.05848463687150839 0.11173184357541904
9 0.19248428770949716 0.6671438547486034 0.05848463687150836 0.11405959031657353
3 0.25664280726256977 0.6671438547486034 0.05586592178770951 0.11638733705772815
6 0.32080132681564244 0.6683077281191807 0.0584846368715084 0.12104283054003726
9 0.3918706797235023 0.666887480798771 0.05976382488479266 0.11136712749615979
5 0.4588349654377881 0.6688076036866359 0.0612039170506912 0.10752688172043012
5 0.5261592741935485 0.6712077572964669 0.05616359447004609 0.12000768049155149
2 0.5927635368663594 0.6678475422427036 0.0612039170506912 0.12480798771121353
9 0.6629680299539171 0.6697676651305684 0.06192396313364057 0.1324884792626727
4 0.733892569124424 0.6712077572964669 0.054003456221198134 0.12000768049155149
8 0.8022969470046082 0.6673675115207374 0.05688364055299529 0.12192780337941637
0 0.8710613479262673 0.6688076036866359 0.06336405529953915 0.1420890937019969
