9 0.123793963878327 0.6649001901140684 0.058222433460076044 0.10773130544993657
9 0.1912250475285171 0.6652962610899874 0.05644011406844107 0.11169201520912549
3 0.2568738117870723 0.6680687579214196 0.05822243346007605 0.11882129277566532
6 0.3195520437262358 0.6688608998732574 0.0564401140684411 0.11406844106463876
9 0.3899536596958175 0.6652962610899874 0.05584600760456278 0.113276299112801
5 0.4567906368821293 0.6696530418250951 0.05406368821292782 0.12040557667934094
5 0.5224394011406844 0.6688608998732574 0.057034220532319414 0.12198986058301658
2 0.5934351235741445 0.6692569708491762 0.06594581749049429 0.12278200253485434
9 0.663242633079848 0.6680687579214196 0.057034220532319414 0.1235741444866921
4 0.732158982889734 0.6649001901140684 0.05822243346007605 0.11723700887198991
8 0.799590066539924 0.6676726869455007 0.05881653992395437 0.1259505703422054
0 0.8699916825095058 0.666880544993663 0.059410646387832604 0.1259505703422054
