9 0.12646744296577947 0.6676726869455007 0.056440114068441065 0.11010773130544997
9 0.1930073669201521 0.6664844740177441 0.05644011406844107 0.11089987325728773
3 0.25509149239543727 0.6672766159695819 0.05822243346007605 0.11406844106463876
6 0.3201461501901141 0.6696530418250951 0.0564401140684411 0.11565272496831429
5 0.38698312737642593 0.670049112801014 0.05228136882129278 0.11802915082382756
3 0.4579788498098859 0.6712373257287706 0.057628326996197736 0.11723700887198991
5 0.5236276140684412 0.6720294676806084 0.05228136882129278 0.11882129277566543
1 0.6103671577946769 0.6716333967046895 0.033269961977186305 0.11169201520912549
2 0.6611632604562738 0.6688608998732574 0.05881653992395437 0.11248415716096324
1 0.7473086977186313 0.6668805449936629 0.021981939163498068 0.11802915082382767
6 0.8007782794676808 0.6684648288973385 0.05287547528517109 0.11961343472750308
5 0.8732592680608366 0.6708412547528517 0.05881653992395446 0.12278200253485423
