9 0.1261703897338403 0.6633159062103929 0.057034220532319393 0.10931558935361209
9 0.19092799429657795 0.6637119771863118 0.057034220532319393 0.11010773130544986
3 0.25776497148288974 0.6660884030418253 0.057628326996197736 0.113276299112801
5 0.32371078897338407 0.6680687579214196 0.057628326996197736 0.11565272496831429
9 0.3902507129277567 0.6660884030418253 0.057628326996197736 0.11486058301647652
3 0.45827590304182514 0.6696530418250951 0.06059885931558942 0.11565272496831429
8 0.5260040399239544 0.6704451837769329 0.0629752851711027 0.11089987325728773
0 0.5922469106463879 0.670049112801014 0.061192965779467645 0.11644486692015205
7 0.6653220057034221 0.6649001901140684 0.05049904942965782 0.11723700887198991
2 0.7300796102661598 0.6645041191381496 0.061192965779467645 0.11961343472750319
5 0.7972136406844108 0.666088403041825 0.057628326996197736 0.12595057034220525
6 0.869991682509506 0.6676726869455007 0.06178707224334606 0.13070342205323193
