9 0.12545362903225807 0.6654473886328724 0.05256336405529956 0.11616743471582182
9 0.19097782258064516 0.6673675115207374 0.0554435483870968 0.1180875576036866
3 0.255781970046083 0.6683275729646697 0.058323732718894045 0.12384792626728114
5 0.3216661866359447 0.6692876344086022 0.05616359447004609 0.12000768049155149
9 0.3907906105990784 0.6678475422427036 0.06048387096774191 0.1094470046082949
3 0.45595478110599075 0.6697676651305684 0.05688364055299547 0.1190476190476191
8 0.5239991359447006 0.6692876344086022 0.06048387096774191 0.11808755760368671
0 0.5920434907834101 0.6697676651305683 0.06264400921658986 0.12480798771121353
7 0.6618879608294931 0.6640072964669739 0.05544354838709671 0.11520737327188944
2 0.7302923387096775 0.668807603686636 0.05976382488479262 0.1190476190476191
5 0.8012168778801844 0.6678475422427036 0.057603686635944576 0.12864823348694307
6 0.8699812788018433 0.6659274193548387 0.058323732718893954 0.12864823348694318
