9 0.12448352510460255 0.6660652022315202 0.05753138075313807 0.11244769874476988
9 0.19280203974895402 0.6669368898186889 0.05557008368200833 0.10547419804741989
3 0.2565441945606695 0.6669368898186889 0.05883891213389121 0.11767782426778232
5 0.32192076359832633 0.6660652022315202 0.0549163179916318 0.11767782426778245
9 0.3912199267782427 0.6669368898186889 0.05753138075313813 0.11244769874476988
3 0.4592115585774059 0.6665010460251045 0.05491631799163184 0.12203626220362622
8 0.523607479079498 0.668244421199442 0.05818514644351458 0.12029288702928866
0 0.5899646966527197 0.6678085774058578 0.060146443514644335 0.12116457461645744
7 0.6654746338912134 0.6643218270571827 0.05164748953974901 0.11070432357043244
2 0.7295436715481172 0.6656293584379358 0.06210774058577409 0.12029288702928866
5 0.7998234832635984 0.6665010460251045 0.05360878661087867 0.12029288702928866
6 0.8720645920502093 0.666936889818689 0.06080020920502101 0.12639470013947
