9 0.12579105648535568 0.6669368898186889 0.05622384937238493 0.11593444909344501
9 0.19051385983263602 0.6638859832635982 0.057531380753138066 0.11331938633193855
3 0.2555635460251046 0.6660652022315202 0.056877615062761504 0.12465132496513244
5 0.3196325836820084 0.6699877963737796 0.05164748953974892 0.12377963737796366
9 0.3912199267782427 0.664757670850767 0.05753138075313813 0.11157601115760112
3 0.4575771443514645 0.6699877963737796 0.056877615062761504 0.12552301255230122
8 0.5249150104602511 0.6730387029288702 0.056877615062761504 0.12813807531380755
0 0.5912722280334729 0.6712953277545328 0.05883891213389117 0.12639470013947
7 0.6635133368200837 0.6651935146443514 0.05164748953974892 0.11942119944212
2 0.7285630230125524 0.6669368898186889 0.05883891213389117 0.12465132496513255
5 0.7994966004184101 0.6699877963737796 0.05687761506276132 0.12900976290097632
6 0.868468880753138 0.6691161087866109 0.0614539748953975 0.12900976290097632
