9 0.12513729079497912 0.6643218270571827 0.05622384937238494 0.11767782426778245
9 0.19051385983263602 0.6651935146443514 0.057531380753138066 0.11767782426778245
3 0.2562173117154812 0.6673727336122733 0.059492677824267794 0.12377963737796378
5 0.3232282949790795 0.6691161087866109 0.05883891213389121 0.12029288702928878
9 0.39023927824267785 0.6669368898186889 0.0542625523012553 0.11593444909344501
3 0.45692337866108795 0.6669368898186889 0.054262552301255165 0.11942119944211989
8 0.5222999476987449 0.6686802649930265 0.056877615062761504 0.122907949790795
8 0.5929066422594143 0.6678085774058578 0.05818514644351467 0.13162482566248254
7 0.6644939853556486 0.6647576708507671 0.047071129707113 0.11854951185495122
2 0.7292167887029289 0.6660652022315202 0.060146443514644335 0.12116457461645744
5 0.7972084205020921 0.6678085774058576 0.05622384937238492 0.11767782426778245
6 0.8714108263598327 0.668244421199442 0.06341527196652717 0.12203626220362622
