9 0.12379396387832703 0.6656923320659063 0.053469581749049436 0.11248415716096324
9 0.1930073669201521 0.6652962610899874 0.05406368821292776 0.11169201520912549
3 0.25717086501901143 0.6680687579214196 0.057628326996197736 0.11565272496831429
5 0.3225225760456274 0.670049112801014 0.05168726235741446 0.12119771863117872
9 0.3902507129277567 0.6656923320659062 0.055251901140684456 0.1156527249683144
3 0.45768179657794683 0.6676726869455007 0.05465779467680605 0.11802915082382756
8 0.5242217205323194 0.6688608998732574 0.05822243346007597 0.11882129277566532
0 0.5916528041825097 0.666088403041825 0.06000475285171101 0.12119771863117872
7 0.6656190589353613 0.6652962610899873 0.0499049429657795 0.11486058301647664
2 0.7291884505703422 0.6656923320659062 0.059410646387832694 0.11723700887198991
5 0.7998871197718632 0.6637119771863118 0.05584600760456278 0.12595057034220525
6 0.8708828422053234 0.6660884030418253 0.06356939163498102 0.1275348542458809
