9 0.12513729079497912 0.6656293584379358 0.05622384937238494 0.11680613668061367
9 0.19312892259414227 0.6625784518828451 0.053608786610878624 0.11070432357043233
3 0.2571979602510461 0.6656293584379358 0.05753138075313809 0.12377963737796366
5 0.3212669979079499 0.6660652022315202 0.0549163179916318 0.12116457461645744
5 0.38860486401673644 0.6643218270571827 0.05230125523012555 0.11593444909344489
3 0.458230910041841 0.668244421199442 0.05295502092050208 0.12029288702928866
8 0.5245881276150629 0.6682444211994419 0.06276150627615058 0.11854951185495122
0 0.5915991108786612 0.6678085774058578 0.05949267782426775 0.13162482566248254
7 0.6638402196652721 0.6625784518828451 0.05491631799163184 0.11942119944211989
2 0.7275823744769876 0.6630142956764296 0.05818514644351467 0.13249651324965134
5 0.801784780334728 0.6630142956764296 0.05883891213389108 0.1290097629009762
6 0.8697764121338912 0.6617067642956764 0.057531380753137996 0.1333682008368201
