9 0.12316810344827588 0.6645833333333333 0.05872844827586207 0.10919540229885054
9 0.1915948275862069 0.6653017241379311 0.055495689655172424 0.10919540229885054
3 0.2554418103448276 0.6656609195402299 0.061422413793103425 0.11709770114942526
5 0.32117456896551727 0.6667385057471265 0.05495689655172416 0.11781609195402301
9 0.39040948275862075 0.6696120689655172 0.055495689655172466 0.11925287356321838
3 0.45937500000000003 0.6688936781609196 0.05441810344827589 0.1235632183908045
8 0.523760775862069 0.6692528735632185 0.05603448275862073 0.13290229885057472
0 0.5919181034482758 0.6667385057471265 0.06519396551724137 0.1336206896551725
7 0.6651939655172415 0.6656609195402299 0.04903017241379315 0.12428160919540238
2 0.7298491379310346 0.6645833333333333 0.06303879310344822 0.12787356321839075
5 0.7988146551724139 0.663146551724138 0.057650862068965573 0.1336206896551725
6 0.8702047413793104 0.665301724137931 0.059267241379310324 0.13505747126436785
