9 0.12543468045112785 0.6663063909774436 0.06109022556390978 0.10964912280701758
9 0.19188610406091372 0.6676501692047376 0.05393401015228427 0.1131556683587141
3 0.2553378807106599 0.6692364636209814 0.058692893401015224 0.11421319796954314
6 0.3203759517766498 0.6724090524534687 0.05710659898477158 0.12267343485617606
5 0.39017290609137056 0.6734665820642978 0.050761421319796975 0.11632825719120134
3 0.4583835659898478 0.670822758037225 0.05234771573604063 0.12161590524534678
5 0.5234216370558377 0.6713515228426395 0.05393401015228427 0.12267343485617595
1 0.6098746827411168 0.6692364636209814 0.026967005076142136 0.10575296108291034
2 0.6610326776649746 0.6665926395939086 0.0626586294416244 0.12161590524534678
1 0.7451062817258883 0.669765228426396 0.029346446700507657 0.11527072758037218
6 0.7978505710659899 0.6702939932318105 0.06345177664974617 0.13536379018612527
5 0.870820114213198 0.6676501692047376 0.06186548223350261 0.1343062605752961
