9 0.12365351382488476 0.6635272657450078 0.05904377880184332 0.11424731182795705
9 0.19169786866359448 0.6654473886328724 0.054003456221198176 0.11616743471582182
3 0.25614199308755764 0.6678475422427036 0.05760368663594471 0.11904761904761897
5 0.3205861175115208 0.6678475422427036 0.05688364055299542 0.11904761904761897
9 0.3882704493087558 0.6683275729646697 0.06264400921658986 0.1180875576036866
3 0.4570348502304148 0.6707277265745009 0.05904377880184333 0.12480798771121353
8 0.5247191820276499 0.6707277265745009 0.05904377880184333 0.13056835637480796
0 0.5938436059907835 0.6673675115207374 0.06192396313364057 0.13152841781874045
7 0.6644081221198157 0.6668874807987711 0.05904377880184333 0.1267281105990783
2 0.7299323156682028 0.6654473886328726 0.06192396313364057 0.13920890937019964
5 0.7990567396313364 0.6635272657450078 0.05904377880184324 0.13344854070660522
6 0.870341301843318 0.6678475422427036 0.06048387096774199 0.14400921658986168
