9 0.12546417364016743 0.6665010460251045 0.05818514644351465 0.11506276150627623
9 0.19182139121338915 0.6656293584379358 0.05622384937238489 0.11157601115760112
3 0.2562173117154812 0.6678085774058578 0.06210774058577404 0.11942119944211989
5 0.3219207635983264 0.668244421199442 0.05622384937238492 0.12203626220362622
9 0.389258629707113 0.6656293584379358 0.056223849372385004 0.1150627615062761
3 0.45692337866108795 0.6673727336122733 0.05818514644351467 0.12377963737796378
8 0.523607479079498 0.6669368898186889 0.06080020920502092 0.13859832635983255
0 0.592579759414226 0.6660652022315202 0.05622384937238492 0.13511157601115756
7 0.6648208682008369 0.6643218270571827 0.05295502092050208 0.12290794979079488
2 0.7279092573221758 0.6669368898186889 0.06276150627615067 0.129881450488145
5 0.7988428347280334 0.6678085774058578 0.058185146443514496 0.1333682008368201
6 0.869449529288703 0.6665010460251046 0.05949267782426784 0.1377266387726639
