9 0.12565831218274112 0.6671214043993231 0.05631345177664975 0.10998307952622674
9 0.19188610406091372 0.6665926395939086 0.058692893401015245 0.1110406091370559
3 0.25652760152284265 0.6655351099830795 0.0578997461928934 0.11950084602368859
5 0.3211690989847716 0.6687076988155668 0.055520304568527926 0.11738578680203038
9 0.39017290609137056 0.6687076988155668 0.05710659898477158 0.1110406091370559
3 0.4571938451776649 0.6671214043993231 0.0563134517766497 0.12267343485617595
8 0.5222319162436548 0.6718802876480541 0.057899746192893446 0.1343062605752961
0 0.5912357233502539 0.6671214043993231 0.05948604060913709 0.13113367174280874
7 0.6673778553299492 0.6665926395939086 0.05155456852791884 0.1279610829103215
2 0.7300364847715737 0.6676501692047376 0.061072335025380654 0.13642131979695443
5 0.7998334390862945 0.6655351099830795 0.05631345177664962 0.1385363790186125
6 0.870820114213198 0.6644775803722504 0.058692893401015134 0.13853637901861263
