9 0.12481040794979084 0.6625784518828451 0.05557008368200838 0.11070432357043233
9 0.19018697698744771 0.6656293584379358 0.05557008368200833 0.11854951185495122
3 0.2571979602510461 0.6669368898186889 0.060146443514644335 0.11593444909344501
5 0.3229014121338913 0.6660652022315202 0.06210774058577404 0.122907949790795
9 0.39023927824267785 0.6669368898186889 0.0542625523012553 0.11419107391910745
3 0.4572502615062762 0.6665010460251045 0.0614539748953975 0.12377963737796378
8 0.5232805962343097 0.6699877963737796 0.060146443514644335 0.12029288702928878
0 0.5929066422594143 0.6730387029288702 0.06733786610878667 0.12465132496513255
7 0.6661283995815901 0.6638859832635982 0.05295502092050208 0.10983263598326366
2 0.7298705543933055 0.6651935146443514 0.06276150627615058 0.12639470013947
5 0.798189069037657 0.6643218270571827 0.054262552301255165 0.12465132496513244
6 0.870757060669456 0.6691161087866109 0.062107740585774 0.12900976290097632
