9 0.12545362903225807 0.6659274193548387 0.054003456221198155 0.10368663594470047
9 0.1938580069124424 0.666887480798771 0.0554435483870968 0.10368663594470047
3 0.25686203917050693 0.6683275729646697 0.05760368663594471 0.11616743471582182
6 0.31950604838709684 0.6712077572964669 0.05616359447004609 0.13728878648233486
5 0.38755040322580653 0.6716877880184332 0.0554435483870968 0.1344086021505376
3 0.4613551267281107 0.6702476958525345 0.05184331797235027 0.12576804915514603
5 0.5239246673003802 0.6696530418250951 0.0600047528517111 0.13149556400506968
1 0.6094759980988593 0.6712373257287706 0.027923003802281344 0.11248415716096324
2 0.6605691539923955 0.6688608998732574 0.06356939163498102 0.12198986058301658
1 0.7484969106463879 0.6688608998732574 0.026734790874524794 0.11089987325728773
6 0.7984018536121674 0.6649001901140684 0.057628326996197736 0.1251584283903675
5 0.8682093631178708 0.666880544993663 0.06178707224334588 0.1275348542458809
