9 0.12415664225941425 0.6638859832635982 0.05818514644351465 0.1150627615062761
9 0.19149450836820087 0.6656293584379358 0.056877615062761455 0.11331938633193867
3 0.2571979602510461 0.6678085774058576 0.0614539748953975 0.11593444909344489
5 0.32224764644351467 0.6695519525801952 0.056877615062761504 0.11593444909344489
9 0.3912199267782428 0.6699877963737796 0.06145397489539755 0.1150627615062761
3 0.458230910041841 0.6691161087866109 0.05818514644351458 0.11680613668061367
8 0.523607479079498 0.6708594839609484 0.06080020920502092 0.11854951185495122
0 0.592579759414226 0.670423640167364 0.06406903765690375 0.11942119944212
7 0.6661283995815901 0.6673727336122733 0.0477248953974895 0.11680613668061367
2 0.7295436715481172 0.6678085774058576 0.05949267782426775 0.11767782426778245
5 0.8008041317991632 0.6660652022315202 0.060800209205020744 0.11593444909344489
6 0.869449529288703 0.670423640167364 0.05949267782426784 0.12639470013947
