9 0.1195606203007519 0.6670895989974938 0.06343984962406016 0.1300125313283208
9 0.1900493421052632 0.6663063909774436 0.05169172932330828 0.11904761904761897
3 0.25613102791878173 0.6702939932318105 0.06345177664974617 0.12055837563451774
5 0.32235881979695435 0.6681789340101523 0.05631345177664975 0.12055837563451774
9 0.39096605329949236 0.6681789340101523 0.05710659898477153 0.11632825719120134
3 0.4571938451776649 0.6702939932318105 0.05948604060913701 0.12267343485617595
8 0.5246113578680204 0.6687076988155668 0.061072335025380745 0.1321912013536379
0 0.5928220177664975 0.669765228426396 0.061072335025380745 0.1279610829103215
7 0.6681710025380712 0.666063874788494 0.05155456852791876 0.11844331641285955
7 0.7320193527918782 0.6702939932318105 0.058692893401015224 0.12267343485617595
