9 0.1252617385786802 0.6639488155668358 0.055520304568527926 0.11632825719120134
9 0.19069638324873095 0.6644775803722504 0.05631345177664977 0.12161590524534678
3 0.25613102791878173 0.6671214043993231 0.058692893401015224 0.12267343485617595
6 0.32196224619289343 0.6628912859560068 0.05710659898477158 0.12901861252115054
3 0.39136262690355333 0.6655351099830795 0.0626586294416244 0.1216159052453469
6 0.4552109771573605 0.6655351099830795 0.055520304568527926 0.1300761421319797
9 0.5254045050761421 0.6687076988155668 0.056313451776649794 0.11738578680203038
4 0.5936151649746194 0.6671214043993231 0.0563134517766497 0.10998307952622674
8 0.6602395304568529 0.6692364636209813 0.061072335025380745 0.12478849407783414
8 0.7276570431472081 0.6692364636209813 0.061072335025380745 0.12478849407783414
9 0.8014197335025381 0.6639488155668357 0.0563134517766497 0.11421319796954314
2 0.8716132614213198 0.6650063451776649 0.06186548223350261 0.13324873096446693
