9 0.12401353686635944 0.6635272657450075 0.056883640552995385 0.11232718894009217
9 0.19025777649769585 0.6659274193548387 0.054003456221198176 0.11328725038402455
3 0.25506192396313365 0.6678475422427036 0.05976382488479266 0.11904761904761897
6 0.31950604838709684 0.6702476958525345 0.05616359447004609 0.1276881720430108
3 0.3907906105990784 0.6721678187403994 0.05760368663594471 0.12768817204301067
6 0.45595478110599075 0.6683275729646697 0.05256336405529956 0.12576804915514592
9 0.5250792050691244 0.6649673579109063 0.05976382488479262 0.11712749615975421
4 0.5924035138248849 0.6649673579109063 0.06048387096774191 0.10752688172043012
8 0.6593677995391705 0.666887480798771 0.05904377880184333 0.1190476190476191
8 0.7313724078341015 0.6692876344086022 0.06336405529953915 0.1276881720430108
9 0.8012168778801844 0.6726478494623656 0.05904377880184315 0.13056835637480807
2 0.8710613479262673 0.6683275729646697 0.06048387096774199 0.13344854070660522
