9 0.12249765037593988 0.6663063909774436 0.05991541353383459 0.1221804511278196
9 0.1912241541353384 0.6663063909774436 0.05404135338345866 0.11278195488721797
3 0.2558388157894737 0.6686560150375941 0.06109022556390978 0.11121553884711777
6 0.3198660714285715 0.6710056390977445 0.05521616541353383 0.11278195488721808
3 0.39094219924812035 0.668656015037594 0.05169172932330821 0.12061403508771928
6 0.45496945488721807 0.6670895989974938 0.05991541353383454 0.11748120300751878
9 0.5266329887218045 0.6655231829573935 0.06696428571428568 0.10808270676691739
4 0.595359492481203 0.6663063909774436 0.0587406015037594 0.10964912280701758
8 0.6593867481203008 0.6639567669172932 0.05756578947368416 0.1237468671679198
8 0.7310502819548872 0.6678728070175438 0.06226503759398501 0.12218045112781949
9 0.800951597744361 0.6616071428571428 0.06109022556390978 0.12218045112781949
2 0.8708529135338345 0.6670895989974938 0.06226503759398501 0.13314536340852132
