9 0.12469135802469143 0.6631687242798353 0.05787037037037035 0.1118827160493827
9 0.18931327160493838 0.6676697530864197 0.05979938271604941 0.10802469135802469
3 0.25634645061728406 0.6670267489711934 0.058834876543209895 0.12217078189300411
6 0.32048611111111125 0.6689557613168724 0.05979938271604937 0.11574074074074082
3 0.3889660493827162 0.6663837448559671 0.05979938271604941 0.12088477366255147
6 0.4540702160493828 0.6715277777777777 0.058834876543209895 0.11574074074074071
9 0.5273726851851853 0.6689557613168724 0.05690586419753094 0.12088477366255136
4 0.5939236111111111 0.6689557613168724 0.05497685185185191 0.11316872427983533
8 0.6614390432098767 0.6676697530864198 0.06076388888888893 0.12602880658436214
8 0.7299189814814815 0.6689557613168724 0.06076388888888884 0.13631687242798343
9 0.8008101851851853 0.6683127572016461 0.05401234567901243 0.13245884773662553
2 0.8707368827160494 0.6734567901234567 0.06076388888888893 0.14789094650205759
