9 0.1250936059907834 0.6644873271889401 0.05472350230414746 0.11040706605222728
9 0.19169786866359448 0.6644873271889401 0.05688364055299542 0.10848694316436251
3 0.255781970046083 0.6668874807987711 0.06120391705069128 0.11712749615975421
6 0.32238623271889405 0.6697676651305684 0.06624423963133644 0.11136712749615979
0 0.3889904953917051 0.6688076036866359 0.05976382488479266 0.11520737327188944
0 0.4555947580645162 0.6673675115207374 0.061923963133640486 0.12000768049155149
9 0.5257992511520738 0.666887480798771 0.0554435483870968 0.12096774193548386
6 0.5927635368663594 0.6683275729646697 0.06264400921658986 0.12192780337941637
1 0.6744887672811061 0.6683275729646697 0.03600230414746539 0.12192780337941637
5 0.7313724078341015 0.6673675115207374 0.05472350230414751 0.1180875576036866
7 0.8044570852534563 0.6630472350230415 0.054003456221197954 0.11520737327188944
6 0.8739415322580645 0.668807603686636 0.06192396313364057 0.12096774193548386
