9 0.12439769553072622 0.6630702979515829 0.06197625698324022 0.11056797020484162
9 0.19335719273743013 0.6648161080074487 0.05150139664804465 0.11405959031657353
3 0.25664280726256977 0.6677257914338919 0.06284916201117317 0.11522346368715083
7 0.329530377094972 0.6683077281191807 0.053247206703910616 0.11871508379888275
1 0.4019814944134078 0.6677257914338919 0.03928072625698325 0.11755121042830545
3 0.4609025837988826 0.6683077281191807 0.057611731843575424 0.11638733705772815
6 0.5241881983240223 0.6688896648044692 0.0584846368715084 0.12453445065176905
2 0.5931476955307262 0.6665619180633147 0.06546787709497207 0.13151769087523277
1 0.6734549581005587 0.665979981378026 0.035789106145251375 0.11638733705772802
6 0.7301937849162011 0.6706354748603351 0.06197625698324023 0.13966480446927368
1 0.8170478351955307 0.6694716014897579 0.02793296089385482 0.10707635009310994
1 0.890808310055866 0.6706354748603353 0.03753491620111724 0.11638733705772815
