9 0.12191024436090228 0.6694392230576441 0.05404135338345864 0.11278195488721797
9 0.1910929568527919 0.6687076988155668 0.0571065989847716 0.11315566835871399
3 0.2585104695431472 0.6665926395939086 0.06027918781725892 0.1321912013536379
7 0.3275142766497462 0.6681789340101523 0.05234771573604063 0.12055837563451774
1 0.4024666878172589 0.666063874788494 0.03410532994923856 0.11632825719120134
1 0.4571938451776649 0.6702939932318105 0.04996827411167511 0.11844331641285955
6 0.521835342639594 0.666063874788494 0.05710659898477166 0.12690355329949235
2 0.590442576142132 0.6655351099830795 0.0626586294416244 0.1258460236886633
1 0.6761024746192894 0.666063874788494 0.027760152284263918 0.12267343485617595
6 0.7308296319796954 0.6665926395939086 0.0563134517766497 0.12161590524534678
1 0.8141100888324871 0.6655351099830795 0.03569162436548208 0.11527072758037218
1 0.8866830583756345 0.666063874788494 0.03648477157360404 0.12055837563451774
